$ANSIBLE_VAULT;1.1;AES256
37353564303636356466376639346538306437313631633935653665353138373462303337626262
6136363861623563623136313336396334633533316536300a636663326166633438323639336239
36633835633332333435663665353862666536376631386235613564303162643166306464373964
3436303238393735300a333832333563353437613866623330333432633836613164383131346531
37366337373565306365646230356334653862313631386462376263623432346163336131396331
36336233303639323535643035323764386366646165653332396238643031306262313265323235
61623630383633306436316264336561383164393662356266346430313635376535303332383465
66623335393132333262623436653233373963623934656465366365323434656534373830326138
61666433653239333631393134646539373462613665616461666538346231393738633732636531
37643461336262323531616362363436663336623730393036323530656431666430636230313361
64323331376562646166633330643639373463383562623163353262643562336562366561326364
61386265363339343231656462306334623631303237306337633434393464306531396265343766
61336638373533376364663837386236306563353336393638623830343739666132366231393033
66353363393531666261353338303233383239346262353062353762356638623865313234356334
31653362646464636263666662363230666632366337326561623239356433383638386461353464
35316138623065376439303963303637393737623864623562363938633135306138613031323161
35356331313463316337326237366237653439386361343036363061376366373737346632316539
64326434653566323034633833666233623936303664323761616564396537663338386335363663
61313630343763613366393236373638383935653237323463343634393063653866333364383730
39393935373335343730333163373339383363333136613765393637396362373961346366613030
32393661303130663764333264376463386132653632383863333335653639333434623534323133
37353763333635633335386163396336393437333134356636633434613030373533656530383061
39313361613336346163333036636262363131626234643430326362323639346136313832316430
65633833306634313734336362383539636666656331633261313939326366633539306438313036
33363936316234353331316463313438353837306531353631316562313065336630626266393634
61646465363731363632613033333036333632376666336132313632623639636263313761663366
32353335643232616432303362633362643731326161323338343636323332653466386233633165
36643433643131306462626563313436646365336435343834383963393438326362373163643437
36393739663231323732646239333131663161356663393665616330616339326166626133356131
37383231343866316335343662666530306133643364396138663534623137303662313033313130
64323337366138373734656433346133653761346463353763633965656364336231333963616264
62633036633132376130376637366537646237613266353731623434353638323364386632666162
65363062303862316636343435366265323031393438306535333732393864646166613364646364
66636134653562333730633464646231626665306637626261383735386334643531343266303436
62663238643762616461666139356637316566656161663335616630633837646233363461306265
30316531613761633764656561656537353239663363373034613435336333633937333138306463
66656138333439636139313264643161343264323437663538663965343862663562316365626130
36383763653635343738666337383766333234333031333831313865636336613063383865366438
61646266323063343537373439383736306432663663393338383035633238396234313839386361
36623863323536646237396634316462356536383036623430633534383462303831663233303632
66366336373966306464356361626333663565623064363061336131316437646631383861376531
66613032313161326331663732636335353937613831356139383536616130363362393830653536
37376165393062323134326639333965343130656461643366333436326139386233653661666561
65613339313232663465663736633136326164613534626431636530393063303732613539316630
38626130646138616161376262643839623637383732303263363933323663613131303161653963
39653965616337393061613066313433343666306534336133323535393737653739326431303465
33653831613235323761376637313535373438636138386337633439316537343965326363333736
61306666623264326434376339663134393062366636643035643534373138343238623237366632
31396632316538343661666666363364306166343832333939363739366239616632653739613930
34666438383231373730656461656561363138313563346235373033616261383963643164653562
31376535653736623564373434303763626530326439653234393335306230393837626639353234
62616164373130613966323130373833653036323363636664643962343037363138633663323964
62323531333464373438316439366237386363663765336238613963373164383536333630646665
61383562636434333130353934303435333430386435346537663332326236643734656132343032
36376233666162616231383365623638333062346537306334366237643630373737643836663964
65396636303761613935643334336630373361653739663137636238326634623865393633623631
61393433313230623439326533303766326133653332333961636437366435653562626630346466
65613438353162303535316635613932656562373363623961336330383437306434333631636630
38376339393032663334373231363163313230636537393863393030636535373530323366353764
61663532633762616436386430366634393861663731633262323137623833336438626261353166
62303664386565373961643762623365396539366339343333363864386134623930613137353862
63366630333234343963316530386636663364343037313635336661663431626264656130306432
32356262616434653563373433646138613264356139393463313932383933343563643262643338
33303131633031363735333932313536613566613064643363386564616161656235353734343833
61386637643736633636346439643365323166623964363436613336393236636136323662643564
63623966326238643139633539303435306539366532396262666361663135396363366331653039
65313437616533343365383335653630356639373036306334326137636133306563376339336565
61316437333164323165323537663239333138353730633162356230643666333561353161333138
38346463643166643833623064613963653262643137616461346331386530663137393736663966
39666461313330383261636663306130316635626330326539373730623833303233663033336335
31343963323563346330343232373334333965373438633936653365396437386130653638353762
62323563343565663865633665383031343161636237333532653030336361643163623936313030
62336265316464393638333764656564363833303431326461646366653636323435363563386332
32343462333537326263633236353263306438303534626439376664323435333438356338363539
35326462333430306635313936366439613764353033633866356438363937653332666238373533
30323433646533386239613134633363623631353838356234336139646333396537333431363037
30383764396564343362373362323239643863366432393861643536616336326337313161366531
65643963393832386166353438653861366366333932653636303664313263313563356439313334
36303439623466396135613632636238613361326439306137623932306631326232376163653963
31613865646133373637393030316237326266613864643735383266623134626465373134313831
39333434666366313338373636613332616439316462306136333432366534363039613032643733
30313037306466393437616132663463343761623239333134653438626131386166323539636437
64353130626534363239383832643963643333326561626630656338376635336466636663333133
32333762663065373936333937326365623333663465626665366639396663393130396233653263
61616131613536356231363461366436626537383639303839326161326431346531653231663765
30643964303562323330353935356362316561353630663131653264313139376434663363326133
64353161353736336638396138346234656262663965633062613331313939646531343963346134
61306236393931643532333438666136373938653438363964393362633461386239613430333361
63373763373465333866663935313063643664346238666566656134653761363866656163373832
32666465636335633766356633633065386639613439366261323833633664373131346235333939
35653430353935326364396130626339653363336631623063356530633161323364373761353436
66376166613938366463653437376163386565336163663063326534666630653064356564313733
39616163646331613062616339346435346431633266303933383936373434353863633862313432
38613430333238666461653361373137356332396364393133626364373938303963663830363562
65363466633238353633396630633933323638363339383661313963656439636333343062666134
39646336393933346437333637646562323763383330656262613236376465333661306466343461
39333232366235313638636265666562326236343865333031306636313263323333346532326638
61356538613138626635366537653366623263346131353861346335316239343934653631303539
37656233316564326137343433393230393130376234333064613463313530376637643135353834
35373563306132623537626435386131336264343561373863333031623063356534323962336339
61656333303137356131306537623137396366383565623336373866363430313666313336643730
32656263353030623136343361336236626335656638313030613335303139316534386232373130
61343131316561313566373965396438646239613465383439303330386135316666316265623464
32653335653261626466396563303036313261623633353236303035623833643635303662393433
31316137616130366563326533363631663639353434363934613839343965383762616532303438
39646339323132636336343762383765386636386438623830663337326336333563616466383262
39316432343736643232326334386537393836656161343734616335333130303961633030303965
33333039363138633633346534653566396631643232336562613636616131353965323330383537
38616439353135386130623465336565646431623863636661366636316230653834393037643338
32333535656465383965303731336162336337393466616466373031666566636237376134313531
32313263636138393766663636366138666163636663393034616134653039333365613065613633
30343535636434383864393830323933636535633066343531613239643732313936376265333635
37643339663137306163663831383263633233663438633461386238623436353431636337333864
63663530636334643835393935363231343633333330663736623163396266663137646164626234
65323139656465656533353461636264373361653731383839646131303766346434393264373736
63623535306561306634656231356431653137623432333132653362666638383932636334343338
37326465333366623562363137353365323133636463663039376534346439343930386265316266
36383737663939643435316536333336393464396166613333663263613234626538396139316562
37383833396336316564656362346534333631663733363031643530333562363433646232376437
64336164386635653664386638383761373164623438663032613166316166316563396533396533
34326633353864393364633266383335383936623832363231313432336632373835313832333538
33313838353062633462396266393138373561346537356436613138663130316563343635303765
33643866393036623566666337636539636162393063396236623031396633623938396666363663
35393430636539336234303364386633326665366261303734363338633835343031653462356532
37633035663464373132346336353839666638333233363535613632343530633063643032343664
30303865373666303936613039646234323961383962666133383162643663636364643031643535
38313533326133646566333362393537343637326565613963643638616165633563363363386634
38623464313361313335333533303837656336646162363963623765386138666634376565313966
32333039386265656664393261336235636630616432373732656135653163626335666639663138
63313132623931386438633937336537366264663265363734633263323539323934306632626161
63356236663437346431356164373932646137343435323830633662363761373333646237336333
66386564323531306361366133383031333238326431363339643063386536376665383766616237
36323838373562626136653533313637666462613532313136653830343637306665353163666662
3333666165386130346561356636376234386539393662313263
